<?xml version="1.0"?>
<opencv_storage>
<calibration_Time>"Thu 24 Apr 2014 11:56:54 AM CEST"</calibration_Time>
<nrOfFrames>35</nrOfFrames>
<image_Width>640</image_Width>
<image_Height>480</image_Height>
<board_Width>8</board_Width>
<board_Height>6</board_Height>
<square_Size>50.</square_Size>
<FixAspectRatio>1.</FixAspectRatio>
<!-- flags:  +fix_aspectRatio +fix_principal_point +zero_tangent_dist -->
<flagValue>14</flagValue>
<Camera_Matrix type_id="opencv-matrix">
  <rows>3</rows>
  <cols>3</cols>
  <dt>d</dt>
  <data>
    1.0601711149336456e+03 0. 3.1950000000000000e+02 0.
    1.0601711149336456e+03 2.3950000000000000e+02 0. 0. 1.</data></Camera_Matrix>
<Distortion_Coefficients type_id="opencv-matrix">
  <rows>5</rows>
  <cols>1</cols>
  <dt>d</dt>
  <data>
    -1.1440384950141287e-01 -6.9707359992982532e-01 0. 0.
    3.5915913047486967e+00</data></Distortion_Coefficients>
<Avg_Reprojection_Error>1.4139940016853292e+00</Avg_Reprojection_Error>
<Per_View_Reprojection_Errors type_id="opencv-matrix">
  <rows>35</rows>
  <cols>1</cols>
  <dt>f</dt>
  <data>
    1.06284931e-01 1.06592067e-01 9.87100527e-02 1.03995435e-01
    1.21952251e-01 1.06435940e-01 1.22143388e-01 3.42177451e-01
    1.59987450e-01 9.50134173e-02 1.34468704e-01 1.42727286e-01
    1.49061918e-01 8.78763199e-02 1.33709207e-01 6.72757849e-02
    1.25251994e-01 1.56105697e-01 1.41584009e-01 1.49842396e-01
    5.83201572e-02 6.01559058e-02 1.17850319e-01 1.14775047e-01
    3.90260839e+00 4.27178097e+00 1.11960322e-01 1.01068541e-01
    1.20333113e-01 1.20270543e-01 2.04490796e-01 5.99364948e+00
    9.28745121e-02 1.12055212e-01 1.33383110e-01</data></Per_View_Reprojection_Errors>
<!-- a set of 6-tuples (rotation vector + translation vector) for each view -->
<Extrinsic_Parameters type_id="opencv-matrix">
  <rows>35</rows>
  <cols>6</cols>
  <dt>d</dt>
  <data>
    -7.2937417310799987e-02 1.4700878218653041e-02
    -1.1455075169449566e-02 4.3143296363010546e+02
    9.6074162202819991e+01 2.8595102878308976e+03
    -4.8677405314943037e-02 1.0236123471680807e-01
    -2.0685519822378762e-03 4.6777490571969133e+02
    1.3736731131052011e+02 2.9008671795562486e+03 3.2052709067154385e-02
    8.9172473428047433e-02 -1.6746333203461598e-03
    4.1080964237967731e+02 1.5553856069457717e+02 2.8656594592811607e+03
    -1.4705933258555695e-01 2.9313030407215217e-02
    -5.7116657507768502e-02 5.3036658037514212e+02
    -5.7251803121484750e+02 3.0391765731571927e+03
    -2.0932601184863384e-02 -1.1942003220572610e-01
    -3.7118574574762059e-02 -9.1094973129460857e+02
    3.1918943072951248e+02 3.2596555265729558e+03
    -9.9881440076600617e-02 2.4570074274900173e-02
    2.6798024949910411e-02 -7.8309489915438530e+02
    -5.3544401613796128e+02 3.3547444737062065e+03
    -1.0681976191314986e-01 4.0909619099471585e-02
    7.2868120026411923e-02 -2.3721178130185933e+02
    8.3145836096957680e+01 2.7163697831883574e+03
    -2.1031612643999442e-01 1.2604575390758006e-02
    1.1624682641853458e-01 -4.7661481797685799e+00
    1.2963495434705743e+02 2.0197232805713652e+03
    -2.2153123627964408e-01 -8.2276482263013304e-02
    -1.7065704473299192e-02 1.3515850146423423e+02
    -2.5285869127129752e+02 2.3416597495464484e+03
    -6.6481955059680950e-02 1.8859279594205143e-02
    -3.3348868621285062e-02 -4.1442475797021393e+02
    -2.1413708688398697e+02 3.0141027570167698e+03
    -8.0668566047967238e-02 7.9972732258453721e-02
    -2.8010364956827027e-02 -4.0996485412350097e+02
    1.9202718130954796e+02 3.4617807999633696e+03
    -2.1766007000474460e-01 3.9013136454346869e-02
    -9.6526019415183028e-03 4.0516655487961935e+02
    3.0618738257043873e+02 3.4002430492922886e+03
    -1.9330161633989185e-01 1.0007683668407004e-01
    5.0958509009907539e-02 4.8340406914084542e+02
    -3.0771701283125623e+02 3.2436827979165450e+03
    -1.4177663974469504e-01 -3.4281516013032774e-02
    2.7340083284470375e-02 3.8053384087602460e+01
    -4.3797150817131291e+02 3.1706031090292336e+03
    -2.0954121985503352e-01 -2.9396301394741002e-03
    2.9101076337779189e-03 -1.5551770695517630e+01
    1.3971500732970361e+01 3.2573992282933341e+03
    -3.8579076383583898e-02 -1.0338595863690533e-01
    4.0491699649017492e-02 1.3367158164371861e+02 1.4353002283565195e+02
    3.0729052579701756e+03 4.6674307693147354e-03
    -2.2339355871437913e-01 -2.9010884659272426e-02
    -9.3501357831527707e+02 2.6627170456810308e+02
    3.2354613024817236e+03 -8.5616881380718338e-02
    -2.7294492692780882e-03 -1.1091304502120787e-02
    -8.0870894381886978e+02 -1.5802559399681689e+02
    3.3536537353243261e+03 -8.9371633804819592e-02
    -2.6949436281265633e-02 5.1214391416055339e-03
    -8.1284584927365870e+02 -7.7197582580710076e+01
    3.2993484978713950e+03 -1.3681852761165289e-01
    -4.3393063694850839e-02 7.7471682808968864e-02
    4.9624352101656933e+02 2.3115114239819533e+02 3.1693387714490459e+03
    -2.9362909585183419e-02 -2.3636914562934963e-03
    5.1455185229814576e-03 2.2305073211872488e+02
    -4.6980131709276499e+01 3.3683830395849309e+03
    1.2356593976877658e-02 -3.4738597508833916e-02
    6.7542611138708105e-03 1.7373276870793430e+02
    -2.6380104723903539e+01 3.5388540982149484e+03
    -5.0449972185668379e-02 -2.1215857341829705e-02
    8.5213911322408253e-01 6.2682745561727222e+02
    -5.2628518720822342e+02 3.3194596460722073e+03
    -8.3714706919035084e-02 -4.7539471825507550e-04
    8.0186213158263131e-01 4.6856714416302890e+02
    -4.5353099092714541e+02 3.3205480387125276e+03
    -7.3790586201372271e-02 -1.7763770451163666e-01
    4.4521966310749567e-01 5.2633687616329723e+02 2.8396290752639334e+02
    3.2078929660303820e+03 -5.4539662507959574e-01
    3.0060311812678403e-01 1.8491034051259891e-01 5.0847909462282558e+02
    3.5515250839878240e+02 3.3749054141748798e+03 5.0792215184565601e-02
    7.7512160821933865e-02 1.7381956874762346e-02
    -1.2571496517038324e+02 3.5797249940188516e+02
    3.2461355348961888e+03 -1.1995748835305924e-01
    5.1004008960267667e-02 -1.2832088179319339e-02
    3.0860856727782316e+01 -7.0329587704402513e+02
    3.2921356260771195e+03 -1.6568636145143076e-01
    3.4227307072709927e-02 2.5158987439195857e-02
    -6.1196547108995247e+00 -3.7127900818057640e+02
    3.2982575917197601e+03 3.1574684136280251e-03
    -2.5419641111416813e-01 3.7379118669667244e-04
    -8.7476206485001330e+02 3.4363751902812942e+02
    3.3762152626263473e+03 -7.6706995154292759e-02
    -1.1433249089246865e-01 3.4514844842039163e-02
    -8.4362470523623551e+02 -5.4247033038254051e+02
    3.4317481943310204e+03 -5.0021721171096178e-01
    -9.2025401091835810e-02 1.2305660391704778e+00
    5.4108356070347872e+02 2.2510111342362169e+01 4.3664737440947683e+03
    3.5907057538051325e-02 4.5630238065168201e-02 1.1221972741404067e+00
    6.6271829808842426e+02 2.1390766864539206e+01 3.1394881160599971e+03
    -1.9701512060746662e-02 -1.4433738999721554e-01
    -1.5294083734098187e+00 5.1900778928538182e+02
    3.9805771500630794e+02 3.1196786626591456e+03 5.6525631093559368e-02
    1.0248743797772529e-01 1.3464915314261909e+00
    -1.7513777141672915e+02 -2.9204512203004111e+02
    3.1439178231051933e+03</data></Extrinsic_Parameters>
